65
117
65
234
39
195
52
117
299
247
247
221
208
117
273
78
260
182
299
234
195
130
260
26
195
299
273
299
299
299
78
26
130
13
182
208
65
182
143
104
39
39
169
156
286
130
234
143
234
104
247
91
39
104
39
65
260
26
221
26
299
195
234
182
234
273
260
39
26
260
299
52
65
52
39
156
234
169
182
195
208
91
117
78
26
117
234
143
182
143
247
286
26
273
104
234
247
13
65
117
91
260
195
117
156
299
260
39
39
247
247
182
26
286
52
65
286
286
234
65
299
156
169
273
130
182
247
156
143
234
39
78
169
26
221
91
78
247
65
130
117
299
65
104
234
286
182
260
13
143
91
286
169
260
299
221
234
182
286
247
260
208
39
143
169
260
104
39
299
299
247
195
65
260
91
273
247
78
208
299
13
286
169
156
156
65
156
26
156
26
13
104
91
78
26
13
13
260
26
195
234
286
39
130
104
182
143
65
182
273
13
143
260
247
143
273
195
169
104
130
65
156
182
39
299
234
117
195
65
221
221
169
208
13
117
286
78
286
247
65
78
221
156
156
39
78
91
260
169
65
13
247
13
195
182
299
195
247
78
195
273
169
208
104
117
273
299
195
221
195
182
91
208
104
91
208
39
182
78
143
91
104
221
260
169
169
286
208
195
247
234
13
65
182
26
117
273
286
299
247
